-800, -132.337
-799, -133.083
-798, -133.826
-797, -134.566
-796, -135.302
-795, -136.035
-794, -136.764
-793, -137.49
-792, -138.213
-791, -138.932
-790, -139.647
-789, -140.36
-788, -141.068
-787, -141.774
-786, -142.475
-785, -143.173
-784, -143.868
-783, -144.559
-782, -145.246
-781, -145.93
-780, -146.61
-779, -147.287
-778, -147.96
-777, -148.629
-776, -149.294
-775, -149.956
-774, -150.614
-773, -151.269
-772, -151.919
-771, -152.566
-770, -153.209
-769, -153.848
-768, -154.483
-767, -155.115
-766, -155.743
-765, -156.366
-764, -156.986
-763, -157.602
-762, -158.214
-761, -158.822
-760, -159.427
-759, -160.027
-758, -160.623
-757, -161.215
-756, -161.803
-755, -162.388
-754, -162.968
-753, -163.544
-752, -164.116
-751, -164.684
-750, -165.248
-749, -165.808
-748, -166.363
-747, -166.915
-746, -167.462
-745, -168.005
-744, -168.544
-743, -169.079
-742, -169.61
-741, -170.136
-740, -170.658
-739, -171.176
-738, -171.69
-737, -172.199
-736, -172.704
-735, -173.205
-734, -173.702
-733, -174.194
-732, -174.682
-731, -175.165
-730, -175.644
-729, -176.119
-728, -176.59
-727, -177.056
-726, -177.517
-725, -177.974
-724, -178.427
-723, -178.875
-722, -179.319
-721, -179.759
-720, -180.194
-719, -180.624
-718, -181.05
-717, -181.472
-716, -181.889
-715, -182.301
-714, -182.709
-713, -183.112
-712, -183.511
-711, -183.906
-710, -184.295
-709, -184.68
-708, -185.061
-707, -185.437
-706, -185.808
-705, -186.175
-704, -186.537
-703, -186.894
-702, -187.247
-701, -187.595
-700, -187.939
-699, -188.277
-698, -188.611
-697, -188.941
-696, -189.265
-695, -189.585
-694, -189.901
-693, -190.211
-692, -190.517
-691, -190.818
-690, -191.115
-689, -191.406
-688, -191.693
-687, -191.975
-686, -192.252
-685, -192.525
-684, -192.793
-683, -193.056
-682, -193.314
-681, -193.567
-680, -193.815
-679, -194.059
-678, -194.298
-677, -194.532
-676, -194.761
-675, -194.986
-674, -195.205
-673, -195.42
-672, -195.63
-671, -195.834
-670, -196.034
-669, -196.23
-668, -196.42
-667, -196.605
-666, -196.786
-665, -196.962
-664, -197.132
-663, -197.298
-662, -197.459
-661, -197.615
-660, -197.766
-659, -197.912
-658, -198.054
-657, -198.19
-656, -198.321
-655, -198.448
-654, -198.569
-653, -198.686
-652, -198.798
-651, -198.904
-650, -199.006
-649, -199.103
-648, -199.195
-647, -199.282
-646, -199.364
-645, -199.441
-644, -199.513
-643, -199.58
-642, -199.642
-641, -199.699
-640, -199.751
-639, -199.799
-638, -199.841
-637, -199.878
-636, -199.91
-635, -199.938
-634, -199.96
-633, -199.978
-632, -199.99
-631, -199.998
-630, -200
-629, -199.998
-628, -199.99
-627, -199.978
-626, -199.96
-625, -199.938
-624, -199.91
-623, -199.878
-622, -199.841
-621, -199.799
-620, -199.751
-619, -199.699
-618, -199.642
-617, -199.58
-616, -199.513
-615, -199.441
-614, -199.364
-613, -199.282
-612, -199.195
-611, -199.103
-610, -199.006
-609, -198.904
-608, -198.798
-607, -198.686
-606, -198.569
-605, -198.448
-604, -198.321
-603, -198.19
-602, -198.054
-601, -197.912
-600, -197.766
-599, -197.615
-598, -197.459
-597, -197.298
-596, -197.132
-595, -196.962
-594, -196.786
-593, -196.605
-592, -196.42
-591, -196.23
-590, -196.034
-589, -195.834
-588, -195.63
-587, -195.42
-586, -195.205
-585, -194.986
-584, -194.761
-583, -194.532
-582, -194.298
-581, -194.059
-580, -193.815
-579, -193.567
-578, -193.314
-577, -193.056
-576, -192.793
-575, -192.525
-574, -192.252
-573, -191.975
-572, -191.693
-571, -191.406
-570, -191.115
-569, -190.818
-568, -190.517
-567, -190.211
-566, -189.901
-565, -189.585
-564, -189.265
-563, -188.941
-562, -188.611
-561, -188.277
-560, -187.939
-559, -187.595
-558, -187.247
-557, -186.894
-556, -186.537
-555, -186.175
-554, -185.808
-553, -185.437
-552, -185.061
-551, -184.68
-550, -184.295
-549, -183.906
-548, -183.511
-547, -183.112
-546, -182.709
-545, -182.301
-544, -181.889
-543, -181.472
-542, -181.05
-541, -180.624
-540, -180.194
-539, -179.759
-538, -179.319
-537, -178.875
-536, -178.427
-535, -177.974
-534, -177.517
-533, -177.056
-532, -176.59
-531, -176.119
-530, -175.644
-529, -175.165
-528, -174.682
-527, -174.194
-526, -173.702
-525, -173.205
-524, -172.704
-523, -172.199
-522, -171.69
-521, -171.176
-520, -170.658
-519, -170.136
-518, -169.61
-517, -169.079
-516, -168.544
-515, -168.005
-514, -167.462
-513, -166.915
-512, -166.363
-511, -165.808
-510, -165.248
-509, -164.684
-508, -164.116
-507, -163.544
-506, -162.968
-505, -162.388
-504, -161.803
-503, -161.215
-502, -160.623
-501, -160.027
-500, -159.427
-499, -158.822
-498, -158.214
-497, -157.602
-496, -156.986
-495, -156.366
-494, -155.743
-493, -155.115
-492, -154.483
-491, -153.848
-490, -153.209
-489, -152.566
-488, -151.919
-487, -151.269
-486, -150.614
-485, -149.956
-484, -149.294
-483, -148.629
-482, -147.96
-481, -147.287
-480, -146.61
-479, -145.93
-478, -145.246
-477, -144.559
-476, -143.868
-475, -143.173
-474, -142.475
-473, -141.774
-472, -141.068
-471, -140.36
-470, -139.647
-469, -138.932
-468, -138.213
-467, -137.49
-466, -136.764
-465, -136.035
-464, -135.302
-463, -134.566
-462, -133.826
-461, -133.083
-460, -132.337
-459, -131.588
-458, -130.835
-457, -130.079
-456, -129.32
-455, -128.558
-454, -127.792
-453, -127.023
-452, -126.251
-451, -125.476
-450, -124.698
-449, -123.917
-448, -123.132
-447, -122.345
-446, -121.554
-445, -120.761
-444, -119.964
-443, -119.165
-442, -118.362
-441, -117.557
-440, -116.749
-439, -115.938
-438, -115.123
-437, -114.306
-436, -113.487
-435, -112.664
-434, -111.839
-433, -111.01
-432, -110.179
-431, -109.346
-430, -108.509
-429, -107.67
-428, -106.828
-427, -105.984
-426, -105.137
-425, -104.287
-424, -103.435
-423, -102.58
-422, -101.722
-421, -100.862
-420, -100
-419, -99.135
-418, -98.2676
-417, -97.3978
-416, -96.5255
-415, -95.6508
-414, -94.7737
-413, -93.8943
-412, -93.0126
-411, -92.1285
-410, -91.2421
-409, -90.3535
-408, -89.4626
-407, -88.5695
-406, -87.6742
-405, -86.7767
-404, -85.8771
-403, -84.9753
-402, -84.0714
-401, -83.1655
-400, -82.2574
-399, -81.3473
-398, -80.4352
-397, -79.5211
-396, -78.605
-395, -77.687
-394, -76.767
-393, -75.8451
-392, -74.9213
-391, -73.9957
-390, -73.0682
-389, -72.1389
-388, -71.2078
-387, -70.275
-386, -69.3404
-385, -68.404
-384, -67.466
-383, -66.5263
-382, -65.5849
-381, -64.6419
-380, -63.6973
-379, -62.7511
-378, -61.8034
-377, -60.8541
-376, -59.9033
-375, -58.951
-374, -57.9973
-373, -57.0421
-372, -56.0855
-371, -55.1275
-370, -54.1681
-369, -53.2074
-368, -52.2453
-367, -51.282
-366, -50.3174
-365, -49.3515
-364, -48.3844
-363, -47.4161
-362, -46.4466
-361, -45.476
-360, -44.5042
-359, -43.5313
-358, -42.5574
-357, -41.5823
-356, -40.6063
-355, -39.6292
-354, -38.6512
-353, -37.6722
-352, -36.6922
-351, -35.7114
-350, -34.7296
-349, -33.747
-348, -32.7636
-347, -31.7793
-346, -30.7943
-345, -29.8085
-344, -28.8219
-343, -27.8346
-342, -26.8467
-341, -25.858
-340, -24.8687
-339, -23.8788
-338, -22.8884
-337, -21.8973
-336, -20.9057
-335, -19.9136
-334, -18.921
-333, -17.9279
-332, -16.9343
-331, -15.9404
-330, -14.946
-329, -13.9513
-328, -12.9562
-327, -11.9608
-326, -10.9651
-325, -9.96918
-324, -8.97297
-323, -7.97653
-322, -6.9799
-321, -5.98309
-320, -4.98614
-319, -3.98906
-318, -2.99188
-317, -1.99463
-316, -0.997327
-315, 1.22465e-14
-314, 0.997327
-313, 1.99463
-312, 2.99188
-311, 3.98906
-310, 4.98614
-309, 5.98309
-308, 6.9799
-307, 7.97653
-306, 8.97297
-305, 9.96918
-304, 10.9651
-303, 11.9608
-302, 12.9562
-301, 13.9513
-300, 14.946
-299, 15.9404
-298, 16.9343
-297, 17.9279
-296, 18.921
-295, 19.9136
-294, 20.9057
-293, 21.8973
-292, 22.8884
-291, 23.8788
-290, 24.8687
-289, 25.858
-288, 26.8467
-287, 27.8346
-286, 28.8219
-285, 29.8085
-284, 30.7943
-283, 31.7793
-282, 32.7636
-281, 33.747
-280, 34.7296
-279, 35.7114
-278, 36.6922
-277, 37.6722
-276, 38.6512
-275, 39.6292
-274, 40.6063
-273, 41.5823
-272, 42.5574
-271, 43.5313
-270, 44.5042
-269, 45.476
-268, 46.4466
-267, 47.4161
-266, 48.3844
-265, 49.3515
-264, 50.3174
-263, 51.282
-262, 52.2453
-261, 53.2074
-260, 54.1681
-259, 55.1275
-258, 56.0855
-257, 57.0421
-256, 57.9973
-255, 58.951
-254, 59.9033
-253, 60.8541
-252, 61.8034
-251, 62.7511
-250, 63.6973
-249, 64.6419
-248, 65.5849
-247, 66.5263
-246, 67.466
-245, 68.404
-244, 69.3404
-243, 70.275
-242, 71.2078
-241, 72.1389
-240, 73.0682
-239, 73.9957
-238, 74.9213
-237, 75.8451
-236, 76.767
-235, 77.687
-234, 78.605
-233, 79.5211
-232, 80.4352
-231, 81.3473
-230, 82.2574
-229, 83.1655
-228, 84.0714
-227, 84.9753
-226, 85.8771
-225, 86.7767
-224, 87.6742
-223, 88.5695
-222, 89.4626
-221, 90.3535
-220, 91.2421
-219, 92.1285
-218, 93.0126
-217, 93.8943
-216, 94.7737
-215, 95.6508
-214, 96.5255
-213, 97.3978
-212, 98.2676
-211, 99.135
-210, 100
-209, 100.862
-208, 101.722
-207, 102.58
-206, 103.435
-205, 104.287
-204, 105.137
-203, 105.984
-202, 106.828
-201, 107.67
-200, 108.509
-199, 109.346
-198, 110.179
-197, 111.01
-196, 111.839
-195, 112.664
-194, 113.487
-193, 114.306
-192, 115.123
-191, 115.938
-190, 116.749
-189, 117.557
-188, 118.362
-187, 119.165
-186, 119.964
-185, 120.761
-184, 121.554
-183, 122.345
-182, 123.132
-181, 123.917
-180, 124.698
-179, 125.476
-178, 126.251
-177, 127.023
-176, 127.792
-175, 128.558
-174, 129.32
-173, 130.079
-172, 130.835
-171, 131.588
-170, 132.337
-169, 133.083
-168, 133.826
-167, 134.566
-166, 135.302
-165, 136.035
-164, 136.764
-163, 137.49
-162, 138.213
-161, 138.932
-160, 139.647
-159, 140.36
-158, 141.068
-157, 141.774
-156, 142.475
-155, 143.173
-154, 143.868
-153, 144.559
-152, 145.246
-151, 145.93
-150, 146.61
-149, 147.287
-148, 147.96
-147, 148.629
-146, 149.294
-145, 149.956
-144, 150.614
-143, 151.269
-142, 151.919
-141, 152.566
-140, 153.209
-139, 153.848
-138, 154.483
-137, 155.115
-136, 155.743
-135, 156.366
-134, 156.986
-133, 157.602
-132, 158.214
-131, 158.822
-130, 159.427
-129, 160.027
-128, 160.623
-127, 161.215
-126, 161.803
-125, 162.388
-124, 162.968
-123, 163.544
-122, 164.116
-121, 164.684
-120, 165.248
-119, 165.808
-118, 166.363
-117, 166.915
-116, 167.462
-115, 168.005
-114, 168.544
-113, 169.079
-112, 169.61
-111, 170.136
-110, 170.658
-109, 171.176
-108, 171.69
-107, 172.199
-106, 172.704
-105, 173.205
-104, 173.702
-103, 174.194
-102, 174.682
-101, 175.165
-100, 175.644
-99, 176.119
-98, 176.59
-97, 177.056
-96, 177.517
-95, 177.974
-94, 178.427
-93, 178.875
-92, 179.319
-91, 179.759
-90, 180.194
-89, 180.624
-88, 181.05
-87, 181.472
-86, 181.889
-85, 182.301
-84, 182.709
-83, 183.112
-82, 183.511
-81, 183.906
-80, 184.295
-79, 184.68
-78, 185.061
-77, 185.437
-76, 185.808
-75, 186.175
-74, 186.537
-73, 186.894
-72, 187.247
-71, 187.595
-70, 187.939
-69, 188.277
-68, 188.611
-67, 188.941
-66, 189.265
-65, 189.585
-64, 189.901
-63, 190.211
-62, 190.517
-61, 190.818
-60, 191.115
-59, 191.406
-58, 191.693
-57, 191.975
-56, 192.252
-55, 192.525
-54, 192.793
-53, 193.056
-52, 193.314
-51, 193.567
-50, 193.815
-49, 194.059
-48, 194.298
-47, 194.532
-46, 194.761
-45, 194.986
-44, 195.205
-43, 195.42
-42, 195.63
-41, 195.834
-40, 196.034
-39, 196.23
-38, 196.42
-37, 196.605
-36, 196.786
-35, 196.962
-34, 197.132
-33, 197.298
-32, 197.459
-31, 197.615
-30, 197.766
-29, 197.912
-28, 198.054
-27, 198.19
-26, 198.321
-25, 198.448
-24, 198.569
-23, 198.686
-22, 198.798
-21, 198.904
-20, 199.006
-19, 199.103
-18, 199.195
-17, 199.282
-16, 199.364
-15, 199.441
-14, 199.513
-13, 199.58
-12, 199.642
-11, 199.699
-10, 199.751
-9, 199.799
-8, 199.841
-7, 199.878
-6, 199.91
-5, 199.938
-4, 199.96
-3, 199.978
-2, 199.99
-1, 199.998
0, 200
1, 199.998
2, 199.99
3, 199.978
4, 199.96
5, 199.938
6, 199.91
7, 199.878
8, 199.841
9, 199.799
10, 199.751
11, 199.699
12, 199.642
13, 199.58
14, 199.513
15, 199.441
16, 199.364
17, 199.282
18, 199.195
19, 199.103
20, 199.006
21, 198.904
22, 198.798
23, 198.686
24, 198.569
25, 198.448
26, 198.321
27, 198.19
28, 198.054
29, 197.912
30, 197.766
31, 197.615
32, 197.459
33, 197.298
34, 197.132
35, 196.962
36, 196.786
37, 196.605
38, 196.42
39, 196.23
40, 196.034
41, 195.834
42, 195.63
43, 195.42
44, 195.205
45, 194.986
46, 194.761
47, 194.532
48, 194.298
49, 194.059
50, 193.815
51, 193.567
52, 193.314
53, 193.056
54, 192.793
55, 192.525
56, 192.252
57, 191.975
58, 191.693
59, 191.406
60, 191.115
61, 190.818
62, 190.517
63, 190.211
64, 189.901
65, 189.585
66, 189.265
67, 188.941
68, 188.611
69, 188.277
70, 187.939
71, 187.595
72, 187.247
73, 186.894
74, 186.537
75, 186.175
76, 185.808
77, 185.437
78, 185.061
79, 184.68
80, 184.295
81, 183.906
82, 183.511
83, 183.112
84, 182.709
85, 182.301
86, 181.889
87, 181.472
88, 181.05
89, 180.624
90, 180.194
91, 179.759
92, 179.319
93, 178.875
94, 178.427
95, 177.974
96, 177.517
97, 177.056
98, 176.59
99, 176.119
100, 175.644
101, 175.165
102, 174.682
103, 174.194
104, 173.702
105, 173.205
106, 172.704
107, 172.199
108, 171.69
109, 171.176
110, 170.658
111, 170.136
112, 169.61
113, 169.079
114, 168.544
115, 168.005
116, 167.462
117, 166.915
118, 166.363
119, 165.808
120, 165.248
121, 164.684
122, 164.116
123, 163.544
124, 162.968
125, 162.388
126, 161.803
127, 161.215
128, 160.623
129, 160.027
130, 159.427
131, 158.822
132, 158.214
133, 157.602
134, 156.986
135, 156.366
136, 155.743
137, 155.115
138, 154.483
139, 153.848
140, 153.209
141, 152.566
142, 151.919
143, 151.269
144, 150.614
145, 149.956
146, 149.294
147, 148.629
148, 147.96
149, 147.287
150, 146.61
151, 145.93
152, 145.246
153, 144.559
154, 143.868
155, 143.173
156, 142.475
157, 141.774
158, 141.068
159, 140.36
160, 139.647
161, 138.932
162, 138.213
163, 137.49
164, 136.764
165, 136.035
166, 135.302
167, 134.566
168, 133.826
169, 133.083
170, 132.337
171, 131.588
172, 130.835
173, 130.079
174, 129.32
175, 128.558
176, 127.792
177, 127.023
178, 126.251
179, 125.476
180, 124.698
181, 123.917
182, 123.132
183, 122.345
184, 121.554
185, 120.761
186, 119.964
187, 119.165
188, 118.362
189, 117.557
190, 116.749
191, 115.938
192, 115.123
193, 114.306
194, 113.487
195, 112.664
196, 111.839
197, 111.01
198, 110.179
199, 109.346
200, 108.509
201, 107.67
202, 106.828
203, 105.984
204, 105.137
205, 104.287
206, 103.435
207, 102.58
208, 101.722
209, 100.862
210, 100
211, 99.135
212, 98.2676
213, 97.3978
214, 96.5255
215, 95.6508
216, 94.7737
217, 93.8943
218, 93.0126
219, 92.1285
220, 91.2421
221, 90.3535
222, 89.4626
223, 88.5695
224, 87.6742
225, 86.7767
226, 85.8771
227, 84.9753
228, 84.0714
229, 83.1655
230, 82.2574
231, 81.3473
232, 80.4352
233, 79.5211
234, 78.605
235, 77.687
236, 76.767
237, 75.8451
238, 74.9213
239, 73.9957
240, 73.0682
241, 72.1389
242, 71.2078
243, 70.275
244, 69.3404
245, 68.404
246, 67.466
247, 66.5263
248, 65.5849
249, 64.6419
250, 63.6973
251, 62.7511
252, 61.8034
253, 60.8541
254, 59.9033
255, 58.951
256, 57.9973
257, 57.0421
258, 56.0855
259, 55.1275
260, 54.1681
261, 53.2074
262, 52.2453
263, 51.282
264, 50.3174
265, 49.3515
266, 48.3844
267, 47.4161
268, 46.4466
269, 45.476
270, 44.5042
271, 43.5313
272, 42.5574
273, 41.5823
274, 40.6063
275, 39.6292
276, 38.6512
277, 37.6722
278, 36.6922
279, 35.7114
280, 34.7296
281, 33.747
282, 32.7636
283, 31.7793
284, 30.7943
285, 29.8085
286, 28.8219
287, 27.8346
288, 26.8467
289, 25.858
290, 24.8687
291, 23.8788
292, 22.8884
293, 21.8973
294, 20.9057
295, 19.9136
296, 18.921
297, 17.9279
298, 16.9343
299, 15.9404
300, 14.946
301, 13.9513
302, 12.9562
303, 11.9608
304, 10.9651
305, 9.96918
306, 8.97297
307, 7.97653
308, 6.9799
309, 5.98309
310, 4.98614
311, 3.98906
312, 2.99188
313, 1.99463
314, 0.997327
315, 1.22465e-14
316, -0.997327
317, -1.99463
318, -2.99188
319, -3.98906
320, -4.98614
321, -5.98309
322, -6.9799
323, -7.97653
324, -8.97297
325, -9.96918
326, -10.9651
327, -11.9608
328, -12.9562
329, -13.9513
330, -14.946
331, -15.9404
332, -16.9343
333, -17.9279
334, -18.921
335, -19.9136
336, -20.9057
337, -21.8973
338, -22.8884
339, -23.8788
340, -24.8687
341, -25.858
342, -26.8467
343, -27.8346
344, -28.8219
345, -29.8085
346, -30.7943
347, -31.7793
348, -32.7636
349, -33.747
350, -34.7296
351, -35.7114
352, -36.6922
353, -37.6722
354, -38.6512
355, -39.6292
356, -40.6063
357, -41.5823
358, -42.5574
359, -43.5313
360, -44.5042
361, -45.476
362, -46.4466
363, -47.4161
364, -48.3844
365, -49.3515
366, -50.3174
367, -51.282
368, -52.2453
369, -53.2074
370, -54.1681
371, -55.1275
372, -56.0855
373, -57.0421
374, -57.9973
375, -58.951
376, -59.9033
377, -60.8541
378, -61.8034
379, -62.7511
380, -63.6973
381, -64.6419
382, -65.5849
383, -66.5263
384, -67.466
385, -68.404
386, -69.3404
387, -70.275
388, -71.2078
389, -72.1389
390, -73.0682
391, -73.9957
392, -74.9213
393, -75.8451
394, -76.767
395, -77.687
396, -78.605
397, -79.5211
398, -80.4352
399, -81.3473
400, -82.2574
401, -83.1655
402, -84.0714
403, -84.9753
404, -85.8771
405, -86.7767
406, -87.6742
407, -88.5695
408, -89.4626
409, -90.3535
410, -91.2421
411, -92.1285
412, -93.0126
413, -93.8943
414, -94.7737
415, -95.6508
416, -96.5255
417, -97.3978
418, -98.2676
419, -99.135
420, -100
421, -100.862
422, -101.722
423, -102.58
424, -103.435
425, -104.287
426, -105.137
427, -105.984
428, -106.828
429, -107.67
430, -108.509
431, -109.346
432, -110.179
433, -111.01
434, -111.839
435, -112.664
436, -113.487
437, -114.306
438, -115.123
439, -115.938
440, -116.749
441, -117.557
442, -118.362
443, -119.165
444, -119.964
445, -120.761
446, -121.554
447, -122.345
448, -123.132
449, -123.917
450, -124.698
451, -125.476
452, -126.251
453, -127.023
454, -127.792
455, -128.558
456, -129.32
457, -130.079
458, -130.835
459, -131.588
460, -132.337
461, -133.083
462, -133.826
463, -134.566
464, -135.302
465, -136.035
466, -136.764
467, -137.49
468, -138.213
469, -138.932
470, -139.647
471, -140.36
472, -141.068
473, -141.774
474, -142.475
475, -143.173
476, -143.868
477, -144.559
478, -145.246
479, -145.93
480, -146.61
481, -147.287
482, -147.96
483, -148.629
484, -149.294
485, -149.956
486, -150.614
487, -151.269
488, -151.919
489, -152.566
490, -153.209
491, -153.848
492, -154.483
493, -155.115
494, -155.743
495, -156.366
496, -156.986
497, -157.602
498, -158.214
499, -158.822
500, -159.427
501, -160.027
502, -160.623
503, -161.215
504, -161.803
505, -162.388
506, -162.968
507, -163.544
508, -164.116
509, -164.684
510, -165.248
511, -165.808
512, -166.363
513, -166.915
514, -167.462
515, -168.005
516, -168.544
517, -169.079
518, -169.61
519, -170.136
520, -170.658
521, -171.176
522, -171.69
523, -172.199
524, -172.704
525, -173.205
526, -173.702
527, -174.194
528, -174.682
529, -175.165
530, -175.644
531, -176.119
532, -176.59
533, -177.056
534, -177.517
535, -177.974
536, -178.427
537, -178.875
538, -179.319
539, -179.759
540, -180.194
541, -180.624
542, -181.05
543, -181.472
544, -181.889
545, -182.301
546, -182.709
547, -183.112
548, -183.511
549, -183.906
550, -184.295
551, -184.68
552, -185.061
553, -185.437
554, -185.808
555, -186.175
556, -186.537
557, -186.894
558, -187.247
559, -187.595
560, -187.939
561, -188.277
562, -188.611
563, -188.941
564, -189.265
565, -189.585
566, -189.901
567, -190.211
568, -190.517
569, -190.818
570, -191.115
571, -191.406
572, -191.693
573, -191.975
574, -192.252
575, -192.525
576, -192.793
577, -193.056
578, -193.314
579, -193.567
580, -193.815
581, -194.059
582, -194.298
583, -194.532
584, -194.761
585, -194.986
586, -195.205
587, -195.42
588, -195.63
589, -195.834
590, -196.034
591, -196.23
592, -196.42
593, -196.605
594, -196.786
595, -196.962
596, -197.132
597, -197.298
598, -197.459
599, -197.615
600, -197.766
601, -197.912
602, -198.054
603, -198.19
604, -198.321
605, -198.448
606, -198.569
607, -198.686
608, -198.798
609, -198.904
610, -199.006
611, -199.103
612, -199.195
613, -199.282
614, -199.364
615, -199.441
616, -199.513
617, -199.58
618, -199.642
619, -199.699
620, -199.751
621, -199.799
622, -199.841
623, -199.878
624, -199.91
625, -199.938
626, -199.96
627, -199.978
628, -199.99
629, -199.998
630, -200
631, -199.998
632, -199.99
633, -199.978
634, -199.96
635, -199.938
636, -199.91
637, -199.878
638, -199.841
639, -199.799
640, -199.751
641, -199.699
642, -199.642
643, -199.58
644, -199.513
645, -199.441
646, -199.364
647, -199.282
648, -199.195
649, -199.103
650, -199.006
651, -198.904
652, -198.798
653, -198.686
654, -198.569
655, -198.448
656, -198.321
657, -198.19
658, -198.054
659, -197.912
660, -197.766
661, -197.615
662, -197.459
663, -197.298
664, -197.132
665, -196.962
666, -196.786
667, -196.605
668, -196.42
669, -196.23
670, -196.034
671, -195.834
672, -195.63
673, -195.42
674, -195.205
675, -194.986
676, -194.761
677, -194.532
678, -194.298
679, -194.059
680, -193.815
681, -193.567
682, -193.314
683, -193.056
684, -192.793
685, -192.525
686, -192.252
687, -191.975
688, -191.693
689, -191.406
690, -191.115
691, -190.818
692, -190.517
693, -190.211
694, -189.901
695, -189.585
696, -189.265
697, -188.941
698, -188.611
699, -188.277
700, -187.939
701, -187.595
702, -187.247
703, -186.894
704, -186.537
705, -186.175
706, -185.808
707, -185.437
708, -185.061
709, -184.68
710, -184.295
711, -183.906
712, -183.511
713, -183.112
714, -182.709
715, -182.301
716, -181.889
717, -181.472
718, -181.05
719, -180.624
720, -180.194
721, -179.759
722, -179.319
723, -178.875
724, -178.427
725, -177.974
726, -177.517
727, -177.056
728, -176.59
729, -176.119
730, -175.644
731, -175.165
732, -174.682
733, -174.194
734, -173.702
735, -173.205
736, -172.704
737, -172.199
738, -171.69
739, -171.176
740, -170.658
741, -170.136
742, -169.61
743, -169.079
744, -168.544
745, -168.005
746, -167.462
747, -166.915
748, -166.363
749, -165.808
750, -165.248
751, -164.684
752, -164.116
753, -163.544
754, -162.968
755, -162.388
756, -161.803
757, -161.215
758, -160.623
759, -160.027
760, -159.427
761, -158.822
762, -158.214
763, -157.602
764, -156.986
765, -156.366
766, -155.743
767, -155.115
768, -154.483
769, -153.848
770, -153.209
771, -152.566
772, -151.919
773, -151.269
774, -150.614
775, -149.956
776, -149.294
777, -148.629
778, -147.96
779, -147.287
780, -146.61
781, -145.93
782, -145.246
783, -144.559
784, -143.868
785, -143.173
786, -142.475
787, -141.774
788, -141.068
789, -140.36
790, -139.647
791, -138.932
792, -138.213
793, -137.49
794, -136.764
795, -136.035
796, -135.302
797, -134.566
798, -133.826
799, -133.083
800, -132.337
